s 17 40
18 3 1 6 1 6 1
19 4 1 6 1 6 1
20 3 1 7 1 7 1
21 5 1 7 1 7 1
22 4 1 8 1 8 1
23 5 1 8 1 8 1
24 3 1 9 1 19 1 9 1
25 4 1 9 1 18 1 9 1
26 3 1 10 1 21 1 10 1 24 1
27 5 1 10 1 20 1 10 1 25 1
28 4 1 11 1 23 1 11 1 27 1
29 1 1 12 1 12 1
30 2 1 12 1 12 1
31 1 1 13 1 13 1 24 a1 26 a1 24 1 26 1
32 3 1 13 1 13 1 25 a0 27 a0 28 a0
33 2 1 14 1 14 1 24 b1 26 b1 24 1 26 1
34 3 1 14 1 14 1 25 b0 27 b0 28 b0
35 1 1 15 1 30 1 15 1
36 2 1 15 1 29 1 15 1
37 1 1 16 1 25 a0 27 a0 28 a0 32 1 16 1 35 1 25 1 27 1 28 1
38 3 1 16 1 24 a1 16 1 26 a1 31 1 36 1
39 18 1 1 1 1 d0 18 a0 16 d0 27 a1 28 a1 31 1 18 1
e 30 1 1 1 1 1 30 1 15 1 36 1 38 1 37 1
