75 3
76 4
77 1
78 2
79 9
80 10
81 16
82 15
83 14
84 13
85 12
86 50
87 48
88 46
89 44
90 42
91 40
92 7
93 5
94 95
96 97
98 99
100 101
102 103
104 105
106 107
108 109
110 111
112 113
114 115
116 117
118 119
120 121
122 123
124 125
126 127
128 129
130 131
132 133
134 135
136 137
138 139
140 141
60 142
143 142
144 145
146 147
148 149
150 151
152 153
57 138
154 155
156 157
158 159
160 161
162 163
164 165
166 167
168 169
170 171
172 173
174 175
176 177
178 179
180 181
182 183
184 185
62 186
187 188
189 190
191 192
193 194
195 196
197 198
199 200
64 201
202 203
61 204
205 206
207 208
51 209
54 210
67 211
70 212
213 15
213 16
214 77
214 78
215 82
215 81
216 217
216 218
219 220
219 95
221 220
221 222
223 4
223 224
225 90
225 226
227 10
227 228
229 230
229 107
231 127
231 103
232 127
232 233
234 235
234 139
236 118
236 237
238 120
238 233
239 16
239 240
241 81
241 240
242 40
242 243
244 95
244 243
245 8
245 143
246 16
246 143
247 93
247 143
248 249
248 144
250 222
250 251
252 86
252 253
254 249
254 146
255 95
255 256
257 83
257 258
259 14
259 148
260 77
260 163
261 90
261 262
263 93
263 262
264 93
264 152
265 89
265 266
267 92
267 167
268 48
268 167
269 85
269 270
271 9
271 272
273 181
273 274
275 87
275 168
276 42
276 172
277 249
277 278
279 280
279 130
281 16
281 282
283 284
283 285
286 115
286 284
287 288
287 198
289 79
289 290
291 10
291 292
293 3
293 16
294 5
294 14
295 78
295 81
296 83
296 97
297 16
297 298
299 13
299 300
301 88
301 101
302 16
302 303
304 75
304 305
306 92
306 98
307 88
307 308
309 77
309 310
311 50
311 312
313 82
313 142
314 315
314 316
317 318
317 319
320 83
320 138
321 48
321 322
323 324
323 325
326 327
326 328
329 93
329 165
330 154
330 298
331 332
331 333
334 86
334 162
335 93
335 336
337 4
337 338
339 2
339 340
341 16
341 342
343 12
343 176
344 85
344 345
346 114
346 347
348 349
348 350
351 352
351 353
354 355
354 352
356 357
356 358
359 197
359 319
222 3
222 4
95 1
95 2
357 4
357 9
249 12
249 13
360 48
360 50
315 75
315 4
361 75
361 76
298 3
298 76
319 77
319 2
353 79
353 81
235 83
235 82
350 16
350 249
300 85
300 14
362 77
362 85
333 4
333 85
101 87
101 86
237 6
237 89
220 90
220 83
363 90
363 87
105 91
105 90
303 361
303 222
109 9
109 298
364 16
364 365
274 295
274 293
226 294
226 296
305 76
305 233
366 83
366 233
308 101
308 360
310 78
310 103
328 233
328 107
113 88
113 107
115 297
115 364
367 299
367 90
230 310
230 305
117 91
117 368
117 369
312 14
312 369
119 46
119 86
119 104
121 44
121 104
285 302
285 364
370 301
370 306
371 307
371 366
135 309
135 304
372 90
372 373
325 40
325 373
142 42
142 86
142 123
145 81
145 123
316 50
316 367
316 123
147 16
147 125
318 48
318 367
318 125
149 90
149 96
149 112
374 90
374 112
375 88
375 376
151 371
151 129
153 44
153 137
322 88
322 120
377 370
377 120
251 145
251 328
256 147
256 325
165 88
165 240
378 151
378 153
379 253
379 380
332 81
332 159
169 1
169 381
169 380
171 48
171 382
383 384
383 161
383 100
385 75
385 161
175 88
175 16
175 386
63 165
63 142
387 320
387 117
388 321
388 142
389 323
389 314
390 317
390 326
391 329
391 383
56 166
56 140
345 84
345 177
188 2
188 179
392 80
392 179
347 85
347 183
349 288
349 183
393 78
393 168
190 394
190 395
192 331
192 334
194 396
194 397
59 313
59 398
45 399
45 153
45 375
47 400
47 401
47 402
47 136
403 335
403 377
278 330
278 176
404 311
404 337
405 339
405 110
290 393
290 392
406 184
406 182
52 407
52 408
58 409
58 410
200 341
200 140
352 10
352 187
411 346
411 375
203 348
203 184
65 412
65 413
65 191
41 414
41 189
41 193
53 166
53 199
53 415
55 156
55 416
55 417
418 354
418 171
419 356
419 195
43 420
43 421
208 422
208 423
424 359
424 184
66 425
66 426
66 427
66 377
428 429
428 202
74 351
74 205
430 383
430 205
431 344
431 205
49 166
49 207
49 432
69 343
69 433
97 12
97 13
72 11
72 13
365 77
365 2
217 14
217 81
71 11
71 84
68 11
68 97
218 1
218 85
233 48
233 86
99 46
99 360
434 46
434 87
103 87
103 50
107 91
107 44
355 79
355 361
435 80
435 365
288 94
288 214
224 215
224 213
368 50
368 96
368 222
380 42
380 96
228 300
228 353
369 44
369 46
369 363
111 101
111 105
436 44
436 368
373 44
373 102
123 48
123 113
125 50
125 113
127 88
127 106
437 308
437 220
437 106
129 42
129 106
131 109
131 223
376 48
376 436
376 105
133 46
133 225
438 216
438 227
73 89
73 46
73 110
137 87
137 119
139 48
139 119
139 237
141 50
141 434
141 121
384 78
384 438
240 91
240 14
240 372
243 88
243 372
155 50
155 220
155 145
253 83
253 122
157 298
157 316
258 147
258 362
439 2
439 77
439 318
159 14
159 124
381 83
381 124
382 86
382 149
161 13
161 374
163 3
163 374
262 308
262 126
386 366
386 128
324 132
324 219
327 132
327 221
266 95
266 136
400 116
400 236
167 86
167 322
407 143
407 231
415 143
415 232
397 143
397 234
402 439
402 157
173 262
173 229
336 150
336 245
409 242
409 246
177 154
177 315
270 303
270 154
338 253
338 248
179 50
179 379
272 435
272 379
272 298
414 262
414 252
340 381
340 254
395 437
395 255
413 167
413 257
181 13
181 158
183 158
183 363
394 250
394 259
440 134
440 160
440 300
185 385
185 360
185 362
396 382
396 260
398 437
398 261
342 164
342 386
399 238
399 267
401 268
401 263
186 167
186 388
186 378
423 170
423 244
426 440
426 185
408 174
408 239
410 174
410 241
280 435
280 178
282 108
282 188
196 357
196 392
416 116
416 271
284 85
284 180
284 363
412 111
412 273
198 81
198 347
292 108
292 393
358 187
358 275
201 167
201 405
201 404
204 440
204 406
204 387
417 185
417 277
421 247
421 279
420 276
420 281
206 224
206 195
422 286
422 264
425 287
425 269
427 272
427 289
429 439
429 291
209 411
209 390
209 418
432 419
432 389
433 424
433 403
210 428
210 265
211 430
211 283
212 391
212 431
Rdy1RtHS1 Rdy2RtHS1 Rdy1BmHS1 Rdy2BmHS1 InDoneHS1 RtTSHS1 TpArrayHS1 OutputHS1 WantBmHS1 WantRtHS1 OutAvHS1 FullOHS1 FullIHS1 Prog_2 Prog_1 Prog_0 ReWhBufHS1 TgWhBufHS1 SeOutAvHS1 LdProgHS1 Mode2HS1 ReRtTSHS1 ShftIRHS1 NewTrHS1 Mode1HS1 ShftORHS1 ActRtHS1 Mode0HS1 TxHInHS1 LxHInHS1 NewLineHS1 ActBmHS1 GoBmHS1 LoadOHHS1 DumpIHS1 SeFullOHS1 GoRtHS1 LoadIHHS1 SeFullIHS1 State_5 I2 State_4 I3 State_3 I4 State_2 I5 State_1 I6 State_0 I7 I8 I9 I10 I11 I12 I13 I14 I15 I16 I17 I18 I19 I20 I21 I22 I23 I24 I25 I26 I27 I28 I29 I30 I265 I266 I263 I264 I271 I272 I284 I283 I282 I275 I274 I281 I280 I279 I278 I277 I276 I269 I267 I344 I345 I327 I326 I625 I624 I494 I495 I513 I512 I508 I509 I571 I570 I331 I330 I441 I440 I504 I505 I339 I338 I342 I343 I424 I425 I486 I487 I437 I436 I451 I450 I459 I458 I535 I534 I554 I555 I390 I391 I341 I340 I397 I396 I415 I414 I469 I468 I323 I322 I398 I399 I428 I429 I452 I453 I444 I445 I380 I381 I367 I366 I475 I474 I431 I430 I435 I434 I467 I466 I370 I371 I377 I376 I358 I359 I552 I553 I566 I567 I410 I411 I355 I354 I363 I362 I379 I378 I423 I422 I329 I328 I295 I446 I447 I771 I770 I691 I690 I769 I768 I477 I476 I405 I404 I661 I660 I297 I663 I662 I294 I351 I350 I779 I778 I311 I287 I300 I303 I840_2 I873_1 I840_1 I850_1 I610 I612 I963_1 I335 I966_1 I357 I1025_1 I325 I910_1 I360 I850_2 I614 I1044_1 I497 I1077_1 I1083_1 I506 I1170_1 I393 I1193_1 I521 I1184_1 I1080_1 I382 I1107_1 I1103_1 I418 I1196_1 I1040_1 I1103_2 I1180_1 I1031_1 I317 I1166_1 I529 I1160_1 I412 I1034_1 I1163_1 I531 I1136_1 I590 I1166_2 I1173_1 I1110_1 I388 I1188_2 I1199_2 I789_1 I580 I1184_2 I1188_1 I1143_2 I596 I1100_1 I384 I1128_1 I568 I1056_1 I1176_1 I1097_1 I556 I1180_2 I348 I1176_2 I600 I810_1 I364 I562 I1199_1 I1143_1 I353 I1140_1 I573 I1094_1 I582 I1047_2 I881_1 I1047_1 I881_2 I857_1 I493 I834_1 I523 I892_1 I1037_1 I336 I861_2 I457 I892_2 I896_1 I320 I861_1 I455 I1121_1 I589 I796_1 I1203_2 I543 I577 I1216_1 I449 I537 I1113_1 I1118_1 I479 I1203_1 I463 I491 I1216_2 I465 I489 I1154_1 I1028_1 I1132_1 I593 I595 I1132_2 I1148_1 I565 I1121_2 I559 I1125_1 I561 I1087_1 I526 I814_1 I1157_1 I599 I1210_1 I421 I1091_1 I585 I587 I829_1 I547 I575 I1213_1 I498 I1207_1 I519 I579 I1151_1 I511 I473 I539 I525 I439 I514 I461 I318 I394 I482 I372 I374 I485 I548 I503 I551 I442 I481 I680 I407 I532 I432 I500 I403 I634 I609 I416 I676 I682 I738 I746 I706 I545 I517 I715 I713 I719 I717 I675 I725 I733 I729 I731 I702 I684 I686 I678 I655 I657 I671 I673 I742 I689 I693 I711 I659 I669 I667 I744 I740 I721 I723 I737 I735 I704 I699 I695 I697 I750 I665 I700 I708 I777 I767 I386 I315 I347 I470 I333 I540 I408 
# Remember to fill in the edge number then put following line at beginning, then delete this line
440 