Just let power_a and power_b modulo (2*M+1) after each multiplication

99 bit:
1 -1 0 85 48 85 71 91 34 60 13 80 16 63 41 74 11 94 56 79 35 93 8 42 39 79 5 61
15 16 14 62 6 14 41 62 36 81 24 54 29 32 59 76 50 72 44 53 19 82 32 89 66 70 49
87 31 77 20 55 76 95 28 88 20 25 59 66 4 92 10 80 18 42 52 54 51 78 12 43 61 73
7 17 11 36 39 52 23 73 64 82 69 97 84 90 2 86 27 71 22 77 38 53 37 43 23 51 19 37 
29 78 9 95 68 93 65 75 21 33 4 72 13 40 15 17 6 81 45 74 58 69 26 33 87 92 57
96 46 65 26 90 3 49 22 60 40 44 7 64 58 94 21 30 28 50 38 55 9 12 5 35 18 63 24
45 89 97 47 98 1 2 48 91 27 67 31 96 25 83 47 70 3 86 34 67 10 57 8 75 30 56 68
88 46 83 84 98

105 bit:
1 -1 0 43 27 43 34 86 70 94 10 100 15 66 18 79 22 59 73 99 5 71 15 98 60 81 50 88
 65 97 6 11 79 81 30 78 7 67 22 47 53 76 46 58 8 19 53 73 36 40 84 103 33 42 2
44 57 86 49 77 17 82 67 102 41 55 26 85 3 44 39 70 24 74 84 92 56 69 35 45 24 54
 32 103 26 104 1 2 27 34 39 57 21 54 19 68 76 93 29 87 13 82 91 97 72 75 20 23 40
 46 32 68 38 85 28 45 21 77 8 80 12 99 88 95 63 64 62 89 62 96 14 89 6 101 18 31
 47 55 38 93 4 35 10 74 52 98 9 23 36 71 52 92 20 48 29 58 17 80 7 16 59 78 12
16 30 50 91 102 25 37 33 56 3 28 49 94 13 61 63 65 96 101 51 83 37 75 48 69 4 87
 61 100 64 90 14 51 11 72 9 60 5 95 66 90 31 83 25 41 42 104